[gd_scene load_steps=6 format=2]

[ext_resource path="res://Materials/Default.tres" type="Material" id=1]
[ext_resource path="res://Nodes/Doodads/ItemSpawner/ItemSpawner.gd" type="Script" id=2]

[sub_resource type="BoxShape" id=1]
extents = Vector3( 0.75, 1, 1 )

[sub_resource type="BoxShape" id=2]
extents = Vector3( 0.75, 3, 0.3 )

[sub_resource type="BoxShape" id=3]
extents = Vector3( 0.75, 0.3, 1 )

[node name="ItemSpawner" type="RigidBody"]
script = ExtResource( 2 )
item_path = "res://Nodes/Items/TripleKnife/TripleKnife.tscn"

[node name="Spatial" type="CSGCombiner" parent="."]

[node name="CSGBox" type="CSGBox" parent="Spatial"]
width = 1.5
material = ExtResource( 1 )

[node name="CSGBox2" type="CSGBox" parent="Spatial"]
transform = Transform( 1, 0, 0, 0, 1, 0, 0, 0, 0.3, 0, 2, -0.7 )
width = 1.5
height = 6.0
material = ExtResource( 1 )

[node name="CSGBox3" type="CSGBox" parent="Spatial"]
transform = Transform( 1, 0, 0, 0, 0.875279, 0.483619, 0, -0.483619, 0.875279, 0, 5.1457, 0.0493642 )
width = 1.5
height = 0.6
material = ExtResource( 1 )

[node name="CSGBox4" type="CSGBox" parent="Spatial"]
transform = Transform( 1, 0, 0, 0, 1, 0, 0, 0, 1, 0, 4.9674, -0.885967 )
width = 1.6
height = 0.4
depth = 0.4
material = ExtResource( 1 )

[node name="CollisionShape" type="CollisionShape" parent="."]
shape = SubResource( 1 )

[node name="CollisionShape2" type="CollisionShape" parent="."]
transform = Transform( 1, 0, 0, 0, 1, 0, 0, 0, 1, 0, 2, -0.7 )
shape = SubResource( 2 )

[node name="CollisionShape3" type="CollisionShape" parent="."]
transform = Transform( 1, 0, 0, 0, 0.875279, 0.483619, 0, -0.483619, 0.875279, 0, 5.146, 0.049 )
shape = SubResource( 3 )

[node name="Anchor" type="Spatial" parent="."]
transform = Transform( 1, 0, 0, 0, 1, 0, 0, 0, 1, 0, 2.88, 0.3 )

[node name="SpotLight" type="SpotLight" parent="."]
transform = Transform( 1, 0, 0, 0, 0.18112, -0.983461, 0, 0.983461, 0.18112, 0, 0.996278, 0.838982 )
light_energy = 2.0
shadow_enabled = true
spot_angle = 15.2

[node name="RespawnTimer" type="Timer" parent="."]
wait_time = 3.0
one_shot = true
[connection signal="timeout" from="RespawnTimer" to="." method="_on_RespawnTimer_timeout"]
